0.87890038401
0.288232516143
0.874228140598
0.443354786586
0.862915680367
2.31699696982
1.7158628498
0.0766806908039
2.1882453182
0.817319264587
1.46656997404
0.0401261950142
0.302167056895
1.85264512391
0.634664295153
3.73623893013
2.46659579108
0.385157134127
2.38254498212
0.034242253199
1.01595968888
1.74821239177
0.621666823647
4.96845208142
0.131269912029
4.82749254822
0.364870422062
0.012357899455
1.44694826593
2.53121601703
1.09971220531
0.0843499721662
0.599643803832
1.10542970624
1.56125045158
0.595960085669
0.393649984957
1.51997644725
4.49300584559
0.290138667447
4.49829699931
0.496204767356
0.36650724015
1.92712899796
1.25222464346
0.436887971301
0.390889316837
5.81522955935
0.43700944039
0.127886845639
0.474743783054
1.51878434258
1.6973213597
0.714281928843
0.148453873299
0.0651451500918
0.656680731641
1.27189221365
0.498807615545
1.40133366587
0.111165475345
3.62692568515
1.70663125728
0.43821574516
0.287803238337
2.56199978263
2.84815260814
0.190299246354
0.486081132981
1.55075429043
0.749312979846
0.524888950761
1.48379479404
2.22071362926
3.46619052113
0.853458867943
2.20786157252
0.40461764175
0.350129657515
3.29267554658
1.50551854107
0.141053954413
3.59382583493
0.1391231367
1.65893919779
1.8635344811
0.431026134413
1.75463756859
0.424973889209
1.26187234898
3.99529022763
3.7913880098
0.643571365682
0.0433607716388
0.515749155326
1.74397559161
0.986925497488
5.7540830679
1.04278978073
0.0315423178318
0.325013720992
3.7867523828
1.19390897547
0.105623317199
0.0675671580709
0.698345456061
1.18021310827
0.488152676741
0.116347635742
5.49336697488
0.256906761749
0.504066903236
2.66302571048
0.129348775133
1.33962646032
0.0861352282797
0.445161814777
0.868318665144
0.371132254343
1.99751548352
0.343152043906
0.388582004141
0.0672778660576
4.17882437416
0.0907016555207
0.584743890476
0.378913580144
2.56319430154
0.905380066637
2.36994915399
0.056087872727
0.293149525074
1.1738948197
0.800799111549
0.110443043213
4.60831154441
0.48750141955
0.600058015254
2.32409326842
0.370518193956
1.37222902495
1.04952533429
6.17736209183
1.71708783651
1.63024074164
0.0479877948716
0.298338302659
0.476860419198
0.00306664934137
1.02112742805
2.54987115103
1.75953892545
0.128045368759
0.860823584178
0.117777973992
0.750545429121
0.222081113265
2.3113240046
0.447586203584
1.09508952134
0.211588791674
1.92613037994
4.16357105881
0.156513993619
0.319486121665
0.00383501973954
1.79257312065
3.25706729799
1.93377293059
2.04663391986
0.368437692296
2.65857608973
4.11245325802
2.91733330218
0.231466661761
0.240708050287
0.96826794167
0.541012192791
0.0604638295896
0.365305703125
3.53535998559
0.466855745743
1.8309975397
0.308108763658
1.84106753082
2.21901569018
0.375988759107
0.156216455452
1.97806066133
0.0626049513035
0.0986629282013
0.589445468745
0.062339836655
0.0722490451475
0.4742684997
0.119297198797
0.170273383602
2.12527208998
0.9060696533
5.42042170812
4.2146598136
0.0718779486538
0.134992423905
0.339098944625
0.188496775168
0.290641818242
0.16984231218
2.61592759489
0.412659121134
5.02815405026
1.82324115914
0.78451417871
0.647397633913
2.26115334402
0.211852355845
0.901068742383
0.571450892614
1.59418743165
0.399861936108
0.227385024627
1.17282719039
0.85247481369
0.722705757402
0.512915534802
0.810297370896
0.0134407800799
0.932598372779
5.98540615649
1.23553449369
2.14729374245
0.704825802797
2.09652918641
5.57802766889
2.13533345333
0.384195317861
2.25217389789
1.3646538286
0.249831775616
2.45507174059
0.11640492468
0.93936852267
0.52324108235
0.0117255253007
0.956605019406
0.438880346094
0.0422396822946
0.502850292943
0.0546210794244
2.33879939471
0.409157839573
2.7595243471
0.308599186055
1.04686208727
0.82647280089
0.353371635271
2.30350096114
0.150093315371
0.590318227647
0.314596830832
0.94764366826
3.01699612382
0.381331824114
0.0913665269135
2.18590281473
0.199497280775
0.401291526469
0.202191960352
0.329632267739
0.448079321374
0.645430701198
0.147697675753
1.12775666523
0.361090233279
0.705969340965
0.139458679616
0.74030446565
0.15844547955
0.131092296176
3.22610934371
5.20487703114
0.695897538181
0.664437285434
0.238332360019
0.197462524684
1.23844989669
0.502245469742
1.84727122386
1.04414920251
1.70659137388
1.52034714325
0.709454374885
1.16393348417
3.94716915257
2.36355858667
1.04795276516
0.15001299955
1.20721699126
1.6238531667
1.66860605732
0.127031014551
0.685928289901
1.93912045826
0.636325969899
2.4882861693
3.7007484368
1.15608779889
0.721424764288
0.274373581607
0.442954767254
0.83811022713
5.00788496016
2.46330827524
0.0337883859944
2.69143756698
0.387080096766
0.104505242383
2.0201103888
0.691806836807
1.64617422851
1.64533459014
2.25231425987
0.405071788959
0.580475503846
5.52791928334
0.266022843399
1.19477114203
0.350776427152
0.253507543493
0.788385810652
0.10791715853
0.118656424418
0.30581590925
0.242564576384
0.374552072461
0.452143474305
0.91271144048
0.907755418525
1.65743707371
2.55385899169
0.114391067999
2.7437046882
5.20562068127
0.130349411608
0.401326164936
0.385268986269
0.370528107975
2.6271473011
0.488363337286
0.388374413112
0.16657512614
2.31833112445
0.0295513192685
4.14316278201
0.288246811684
0.0736126523033
0.628948156363
2.37155031007
0.384361864081
0.0223243564948
0.227071537055
3.40416532637
0.668024313339
0.803034806376
0.695252947947
2.23879992898
4.44833576891
1.57665183853
0.231266272888
0.826270433762
0.213758205536
1.06464073801
0.635279642752
0.194208808756
1.31290490937
0.0991884872048
0.0288081607181
5.70309595749
1.84158497654
0.468784074796
2.00018065576
2.73020017769
1.42701372538
0.592346440783
0.0674308185744
0.336640828513
0.0459602179365
0.522386003462
0.314894703308
1.14397219405
2.19404844818
0.529537978098
0.817676234748
0.289055485324
1.27952403422
0.0697854160451
0.171502357288
0.481244018827
0.189142623964
0.0893474195768
0.792996121426
5.88280465732
2.43249027068
0.176569706972
1.31305984767
1.57994147966
0.300588188247
0.0887143135324
0.244529458434
1.0066376608
0.20563940452
0.18543784551
1.40166092362
0.0509540384646
0.739613586784
2.2295762849
0.381425913085
1.83937799744
3.30537574743
1.98260604671
0.560402468584
0.196444961821
2.20482388601
0.0529864505527
0.68830421357
0.202871126274
0.569099982808
1.23631628965
1.06927256602
0.85642290185
0.313625359286
0.279172156482
5.14536684317
0.537572743331
2.33505478937
0.127900206442
0.874737374308
0.35627640173
2.50990638185
0.953117051679
1.88032387942
0.643759769997
0.277802552998
0.445144508305
2.02896271967
0.807355975457
1.24237956858
2.00697467893
1.05276046771
3.82610462909
0.137639328325
0.697818302158
1.69470122889
0.0976964495253
0.0229628677036
0.797652603974
0.955798700056
4.558759302
0.927882018223
1.81963206718
0.569008290828
0.490638528102
0.107101643105
0.68031608252
0.33297241595
1.23637943973
0.987852743023
0.0166310729316
0.23008739522
3.82650388444
0.159991119833
3.01662953243
1.44694949336
0.19866609989
2.93663411336
0.673412281993
0.0894996746921
0.847638792932
0.0774940665563
0.783874932514
0.532375967886
0.310549006014
0.575326229304
2.45803375467
2.96947442826
0.497769823225
0.658039868315
0.303464678417
0.577083995766
0.74628805516
6.21955411125
0.147453484544
0.303077904358
0.567010007144
0.0978340620741
3.80090097339
0.681896576565
0.0926049205342
4.75659281143
0.005791255144
0.444457347605
1.28923017826
0.071661429275
1.18215024554
0.144832055617
0.371871669971
3.13730385566
0.388346599737
1.78072489675
0.93678189399
0.802736858897
3.54526539112
0.329464039452
0.593516366656
0.562102115569
5.14879915251
0.84320734731
0.15939847399
1.77218156788
1.13915330137
0.205625814634
0.0593518043162
0.819098663324
1.79257905989
3.83655980418
0.132625761847
2.11421725619
0.220537367425
0.187330545349
1.31505344984
2.58927793424
0.645900893853
0.138861513814
0.896463418553
1.69688920243
0.0607350540481
0.120939101294
0.161802457915
0.588559999205
1.06625004172
1.840240386
0.335835033814
2.18478641014
0.911365150541
0.0915387393905
0.860241743967
2.25571506546
0.910080101652
0.0622399081517
0.985032446273
1.4290069877
0.497793097147
0.079690813042
1.83163966986
0.740501670922
0.893157831707
0.563924887332
1.08315519414
0.358356298577
4.31991985091
1.76173293078
0.747813274589
0.650988767422
0.657654221318
0.982785188544
4.45199191009
1.32640488019
0.228655661883
0.321050347424
0.166536033584
0.0872962802704
1.28283117362
0.363249776813
2.46305462855
0.11410334231
0.182379616314
0.452328814525
1.47002781288
2.60124727674
2.43307380959
0.39851636103
3.05959461601
0.510429165146
1.98825306415
1.60652967091
0.241737539695
0.108663561234
0.207663740414
0.685289642738
2.65265037657
3.75994200098
0.221595589406
1.34609046882
2.89077538875
0.321328439902
0.619650818198
0.16085267183
0.462072932035
0.653653924768
0.0565149264907
0.652477902398
0.0645748183013
0.28024478822
1.25756546067
1.46029036737
0.265606080612
0.589791736804
0.196803053961
0.226256495796
0.430736688023
0.590091284682
0.312072013449
0.574331961388
1.7149721512
0.789515703421
1.0985775673
0.484447840219
0.773273543609
1.73182541702
0.856040915432
1.75958384801
0.0729316751106
0.982866527749
1.13098761707
0.0216582152892
1.82423424852
0.436073275057
1.43367708549
0.153108764841
2.0096833554
0.257466790928
0.155870112038
0.588891235729
1.75041528421
1.00880730178
0.108159565375
3.78081866912
1.1494964643
0.789967699032
2.6057677427
1.68864024045
0.433989596294
1.57266867224
0.471978119588
1.28509652383
0.0867035698963
0.243949154861
1.57459700011
0.878554305732
0.958289171084
0.183037772238
0.463152821176
0.127276964321
0.726212898966
0.223522529735
0.52211927448
1.7073881123
0.330216272032
0.369457805923
1.500008826
0.681309853665
0.301034413974
0.924050632937
0.629478190188
0.545584091719
0.40439133535
3.51115195057
0.630387923747
0.774388304049
3.61234833436
0.594093788886
1.55650933461
0.795833036784
0.776261286786
4.07162854746
0.446009397171
0.0541949423072
1.27333297289
0.137445309508
0.164204873354
0.203110246226
0.149557672748
0.590916191345
0.369610078865
0.00922358564701
1.5006738918
0.27652065834
0.243357895169
0.515498916529
0.28151970167
2.43448387348
2.0214327622
2.97391896665
0.663006912186
4.02122794005
1.29237657633
0.521221472484
1.75154761638
0.26364061195
1.07313060726
0.193942746415
2.377734169
0.667270613807
2.54315918921
1.40617211268
0.39064673389
0.77867362324
0.204943504833
0.779762765827
1.61117963752
0.415192476574
0.876883287526
0.0657099363021
1.84250307116
0.0244103447271
3.79372385452
0.0830148680301
0.653986249646
1.80660932647
0.220044983909
0.683771547973
4.63297163745
0.589743598994
6.21100954479
2.17544520861
3.26322657064
0.648990426809
4.24846054157
0.536289162864
0.124689705125
0.265068715382
0.650126868632
1.92271958425
1.62020722784
0.501485482654
0.345312434088
1.24361715032
0.102671947787
0.695541614917
1.49072371052
0.128154148755
0.0223112864922
1.65178300182
0.554737655318
0.335081702496
0.97950656649
0.60232111205
1.4117779489
1.16704302178
1.70932537258
0.567304004405
0.346130656225
0.940453372949
1.53861672419
0.0588572509118
0.0707486362731
0.442729423604
0.479549899008
1.00122911967
0.301720478154
1.38021785939
0.855461404012
0.396200330561
0.2564044258
0.0821689661892
0.11174146263
2.35862896744
0.697890559072
1.86697156786
0.422083583379
0.243993134356
0.200783362423
2.03007324178
0.203778105411
4.09516645796
0.381121608441
2.01358246673
0.0668406580724
0.351325882122
0.732064553768
0.17056120924
0.144708178223
3.05901748297
2.40394190125
0.0738720939882
0.229787798908
0.673094833219
3.19517505796
0.713223652769
1.20747944673
0.756312792505
3.1350601515
4.22080891445
5.58930272351
0.0385999889393
1.7529649558
1.62860199203
0.697308255234
0.984186104956
0.148086249203
0.344669999833
0.0696991792192
0.912952777921
0.174627396536
0.194237060968
0.192986596535
2.84890103807
0.443750523938
0.333111812228
0.990686847349
0.00213373364056
0.716603631419
0.301593513711
0.43869880036
1.01003169063
4.97795872508
2.42343948717
0.349302937415
4.43109135686
0.786671935786
1.30462727352
5.84396902361
0.0899835383712
2.02141885905
0.126847164774
0.318651462008
0.0615911937406
2.45617602758
3.80699289329
0.0958124754471
0.305020844091
0.220265974468
0.142531923623
0.0938778682103
0.607326159053
0.487162586383
0.122969534032
0.357752167464
4.51677261024
0.531036058018
0.0393480149958
0.251544280666
0.0552074811378
0.922895460576
0.732486075261
3.4750433801
0.209361398833
4.78742212942
0.570725336774
1.96844873711
0.347150847041
0.291080987569
1.0062511882
1.40698309415
0.334899234845
4.37477677586
0.520838777344
2.91570420029
0.173061040412
1.3375050798
0.37578585108
0.440181902264
0.459289283161
0.176890950948
2.62446891614
0.647394321197
3.47839904047
0.41035786762
0.122818749569
0.186753711786
0.440555730282
0.12192286814
3.96654028486
0.709254575788
2.86647394716
0.377291222836
0.0368349795541
0.977077210079
0.338274614968
1.5092928718
1.96747619758
1.63218373684
0.00284621245195
0.392041365628
1.77372135113
0.824862430547
0.948290100625
0.522402334325
0.648504415914
0.0169530368941
0.570113019019
0.766229221942
0.260746016303
0.137561415064
0.141199178094
0.80078028727
0.698853992042
1.22339433005
0.207058771773
0.040469574857
0.540545536918
0.856213032675
0.872614781815
1.50199059898
3.16910039819
1.2723519766
0.241253925928
0.303634290148
0.930547133485
1.01194042651
0.301576711953
0.444954402703
0.464102580831
0.0871918845608
2.11984777129
0.0603142925155
4.58196122963
0.365413091862
1.97039602504
0.77119375088
1.73052292814
0.930930567485
1.11059484642
0.892760121822
0.302216554499
0.173677042418
0.378071672046
2.26704724115
0.423538599609
0.283951830791
2.19188190528
0.817865603753
0.388608794675
3.74791488021
5.04557131156
3.0842766281
1.22803287468
0.136155810499
1.12408090557
0.0615148368268
0.971929084377
0.119337146967
0.110421946327
0.774137812689
1.85310744576
0.527008095352
0.835414700489
0.0328304407568
0.133720186939
4.68119608549
0.438453098507
2.06768791291
0.653320109125
2.74538220259
0.876356683371
1.78728657113
0.846483455662
0.00944145031624
0.0595051308601
0.470388135847
0.0399167584016
2.08289026323
0.853651491108
0.818649040323
0.992150119178
0.464862116042
1.97851228011
0.223145766426
0.541694161824
1.6720395963
3.85559854912
2.26324605109
0.156648829033
0.742397159564
0.769336315464
1.17379206837
1.0910349116
0.479337618371
3.46172723059
0.0735921013789
0.596455300308
6.19936161713
2.41486908737
0.414736909783
0.267476192031
0.929107668961
3.00197094473
2.15670479225
0.107491144622
0.00163564677878
2.82511387867
1.18224503786
1.19447998934
0.961534323585
0.422227889813
0.36355430218
1.44459933039
1.2258354131
0.362037442927
0.0452532041278
0.893539651291
